488     438     12     1     138     138
370     510     13     1     138     138
364     754     9     2     123     123
484     784     8     2     98     98
508     688     11     2     98     98
444     1124     12     3     0     0
522     1350     5     4     0     0
470     1692     5     5     85     85
396     1650     11     5     39     39
412     1614     11     5     39     39
532     2036     11     6     92     92
444     1924     8     6     82     82
444     2006     10     6     50     50
444     2278     7     7     0     0
554     2582     7     8     74     74
484     2608     7     8     74     74
488     2918     7     9     104     104
402     2978     8     9     104     104
504     3250     7     10     65     65
496     3328     8     10     54     54
544     3302     10     10     54     54
458     3584     8     11     55     55
422     3626     7     11     55     55
434     3926     8     12     81     81
378     3844     7     12     55     55
428     3820     9     12     55     55
720     424     10     13     82     82
786     474     4     13     82     82
838     566     8     13     56     56
704     778     11     14     41     41
738     754     13     14     41     41
700     1104     9     15     51     51
740     1072     9     15     49     49
762     1116     11     15     42     42
674     1372     7     16     95     95
814     1396     10     16     34     34
780     1402     10     16     27     27
742     1736     10     17     60     60
740     1674     11     17     60     60
688     1764     14     17     60     60
804     2382     11     19     91     91
748     2310     10     19     67     67
692     2348     14     19     67     67
774     2590     4     20     0     0
862     2878     12     21     79     79
814     2990     7     21     53     53
778     2950     11     21     46     46
736     3154     7     22     90     90
826     3160     9     22     81     81
788     3232     8     22     81     81
702     3458     9     23     107     107
816     3448     11     23     79     79
852     3540     7     23     66     66
824     3872     8     24     108     108
716     3864     3     24     52     52
682     3904     8     24     52     52
1060     390     13     25     0     0
998     738     7     26     0     0
1040     1004     13     27     73     73
1064     1094     11     27     60     60
982     1128     9     27     58     58
1014     1318     9     28     80     80
1068     1382     12     28     63     63
1094     1324     11     28     44     44
1110     1634     11     29     59     59
1066     1766     7     29     56     56
1012     1734     8     29     50     50
1014     2080     8     30     106     106
1078     1964     9     30     29     29
1086     1936     10     30     29     29
1096     2526     11     32     68     68
1046     2660     10     32     57     57
1106     2624     4     32     56     56
1158     3168     9     34     132     132
1068     3326     12     34     95     95
1160     3300     7     34     95     95
1104     3522     10     35     75     75
1176     3498     8     35     75     75
1076     3616     7     35     46     46
1110     3832     3     36     0     0
1308     530     10     37     105     105
1440     456     7     37     49     49
1392     466     8     37     49     49
1308     1128     11     39     112     112
1356     1006     7     39     82     82
1438     1006     10     39     73     73
1458     1458     10     40     83     83
1402     1396     4     40     62     62
1358     1498     11     40     58     58
1402     1688     7     41     0     0
1446     2054     12     42     54     54
1356     2042     11     42     53     53
1308     1964     8     42     51     51
1362     2292     12     43     112     112
1468     2330     12     43     112     112
1462     2600     14     44     50     50
1338     2600     13     44     46     46
1378     2576     11     44     44     44
1484     3270     5     46     86     86
1398     3276     9     46     65     65
1428     3166     10     46     48     48
1358     3456     11     47     81     81
1294     3506     9     47     52     52
1328     3588     7     47     36     36
1308     3800     7     48     80     80
1334     3876     7     48     72     72
1468     3868     10     48     58     58
1598     486     9     49     77     77
1632     556     12     49     77     77
1704     470     9     49     56     56
1768     840     9     50     110     110
1658     848     11     50     110     110
1744     730     14     50     83     83
1664     1178     11     51     110     110
1716     1080     2     51     28     28
1742     1068     4     51     28     28
1702     1494     13     52     79     79
1764     1444     11     52     74     74
1706     1398     10     52     60     60
1666     1622     7     53     87     87
1742     1754     11     53     65     65
1674     1776     13     53     59     59
1584     2012     9     54     80     80
1610     1936     7     54     80     80
1686     2098     7     54     73     73
1592     2254     8     55     120     120
1708     2386     13     55     55     55
1674     2342     11     55     49     49
1682     2548     4     56     146     146
1666     2694     11     56     146     146
1608     2930     11     57     87     87
1760     2864     8     57     80     80
1682     2884     12     57     80     80
1756     3306     9     58     91     91
1714     3156     13     58     66     66
1720     3222     6     58     66     66
1772     3508     6     59     92     92
1650     3634     10     59     64     64
1614     3580     11     59     64     64
1594     3806     11     60     86     86
1716     3832     5     60     84     84
1684     3754     7     60     36     36
1964     518     15     61     65     65
2008     470     11     61     44     44
2082     456     12     61     30     30
1918     826     12     62     97     97
2060     842     11     62     75     75
2048     712     13     62     71     71
2074     1030     11     63     77     77
2010     1074     4     63     77     77
1924     1076     13     63     41     41
2070     1424     11     64     67     67
1924     1418     8     64     52     52
1904     1370     9     64     51     51
1990     1910     7     66     101     101
2084     1948     7     66     93     93
2036     2028     8     66     93     93
1958     2290     13     67     37     37
1914     2334     8     67     26     26
1928     2312     9     67     26     26
2012     2510     11     68     76     76
1956     2686     10     68     66     66
1984     2626     8     68     41     41
2062     2864     11     69     53     53
2018     2834     8     69     53     53
2004     2974     11     69     53     53
1972     3142     11     70     139     139
1912     3268     7     70     37     37
1928     3302     7     70     37     37
2108     3470     13     71     108     108
2006     3508     4     71     88     88
1922     3536     10     71     88     88
1868     3864     9     72     160     160
2052     3900     8     72     36     36
2028     3872     5     72     36     36
2314     468     4     73     72     72
2386     476     12     73     71     71
2372     406     15     73     71     71
2318     888     11     74     0     0
2208     1044     13     75     110     110
2300     1160     14     75     80     80
2360     1036     11     75     65     65
2276     1422     9     76     63     63
2328     1386     6     76     62     62
2328     1486     9     76     34     34
2264     1776     8     77     84     84
2298     1668     2     77     56     56
2252     1636     14     77     56     56
2202     1986     11     78     76     76
2264     1942     13     78     76     76
2328     1992     2     78     67     67
2326     2294     5     79     66     66
2290     2376     7     79     66     66
2244     2328     8     79     44     44
2278     2532     10     80     59     59
2286     2644     8     80     46     46
2348     2632     7     80     45     45
2382     2976     14     81     134     134
2248     2992     10     81     114     114
2236     2878     11     81     85     85
2314     3352     12     82     70     70
2368     3306     7     82     70     70
2296     3248     10     82     28     28
2308     3454     13     83     38     38
2286     3486     6     83     38     38
2312     3808     4     84     57     57
2336     3756     6     84     57     57
2422     3844     6     84     43     43
2594     456     7     85     41     41
2630     476     4     85     41     41
2628     770     8     86     34     34
2594     762     8     86     34     34
2556     1018     10     87     85     85
2686     1108     11     87     62     62
2580     1122     11     87     58     58
2666     1324     4     88     85     85
2640     1466     10     88     31     31
2538     1318     11     88     30     30
2526     1692     9     89     83     83
2720     1694     11     89     62     62
2668     1660     11     89     48     48
2654     1926     8     90     120     120
2546     1980     13     90     94     94
2568     2072     11     90     60     60
2558     2220     13     91     96     96
2560     2316     13     91     21     21
2542     2328     8     91     21     21
2650     2518     10     92     88     88
2680     2644     11     92     76     76
2618     2600     8     92     67     67
2678     2980     12     93     50     50
2566     2960     11     93     46     46
2636     3008     7     93     46     46
2546     3308     10     94     97     97
2572     3214     14     94     63     63
2602     3158     11     94     63     63
2508     3924     6     96     134     134
2542     3734     10     96     75     75
2492     3790     6     96     75     75
